	Histologic_origin	AVE_Ubi	Ubi_level	ATG10	ATG7	CDC20	CUL1	DDB2	ELOB	GTF3C1	HERC6	ITCH	MDM2	PPP2R2C	REN	RNF43	SPOP	TAF3	UBA7	UBE2C	UBE2T	VHL	WDR76
GSM5556214	Bladder	105.282395	low	102.90273	102.18186	70.38455	120.49693	104.83553	144.08262	78.67497	83.91309	73.17293	84.65954	160.41737	167.70272	98.90089	103.69451	95.80965	111.03118	128.0234	89.22888	93.02012	92.51443
GSM5556215	Bladder	105.651412	low	89.18639	88.92256	72.43572	124.88642	104.13451	145.36671	81.62208	71.5095	95.20279	96.63006	165.01999	152.92136	111.15081	106.41856	90.8307	125.85568	135.57406	81.4713	88.63817	85.25087
GSM5556175	Heart	105.4845975	low	104.05021	124.52921	83.07617	113.40978	93.572	144.13357	101.87409	98.09693	92.16195	92.11463	130.14041	129.09817	109.53115	104.77389	109.33199	103.93444	95.53896	93.68791	95.91121	90.72528
GSM5556173	Heart	106.5203165	high	98.23827	107.67959	81.43431	119.63288	96.31705	124.77599	88.80053	114.90881	106.46249	79.18593	129.3247	122.27696	120.95909	112.6645	110.60859	133.99685	94.69368	101.24639	105.21268	81.98704
GSM5556174	Heart	107.1964885	high	107.97548	95.43352	88.22392	102.05411	98.07152	126.49951	107.90656	96.19294	115.7848	83.2085	125.80555	121.50857	120.35321	115.37102	101.50007	111.72905	115.31126	117.22507	96.85252	96.92259
GSM5556172	Heart	108.436205	high	84.90639	123.74851	84.22673	114.38341	97.90803	141.50965	114.14689	108.8231	96.84678	85.322	125.49855	115.87494	103.8026	116.80457	96.86519	114.72185	133.91402	117.83527	96.91064	94.67498
GSM5556177	Heart	108.9786975	high	106.47075	105.79227	88.24346	103.96875	89.2107	140.39181	109.50605	107.35139	111.10261	91.22226	137.39574	122.71978	125.51053	113.17422	104.27938	114.42665	106.82519	103.49281	106.54759	91.94201
GSM5556166	Heart	109.392416	high	107.20801	116.66435	89.68974	111.24739	106.47843	161.15297	120.36783	111.27825	113.53906	91.72705	122.01247	112.15267	105.31361	117.89729	102.12136	106.55192	88.58491	108.47016	108.57719	86.81366
GSM5556168	Heart	109.7786715	high	121.47713	109.63471	93.0329	108.75575	103.53202	142.86888	109.32265	111.73599	109.3252	91.57897	123.44461	122.97125	110.22541	113.96944	111.61329	115.17125	118.78513	96.9936	97.23452	83.90073
GSM5556171	Heart	110.0745495	high	114.7701	105.74766	91.35069	102.45042	100.62976	156.76672	118.50406	104.18107	116.54712	98.75189	123.32583	116.67184	115.7658	111.87676	117.24409	109.92774	94.09899	102.01748	111.25766	89.60531
GSM5556176	Heart	110.1103735	high	126.56276	108.2601	91.46874	102.63511	99.42519	158.82623	111.60786	104.26045	105.27945	96.73034	134.89395	111.53854	102.63123	112.70916	113.20517	110.32234	117.18068	107.14169	97.18693	90.34155
GSM5556170	Heart	111.5914605	high	106.71236	97.39029	92.84571	103.86892	97.15377	153.70115	109.3483	121.4275	105.1009	91.20059	146.95242	123.32451	109.62293	107.07093	104.09659	109.59349	133.2897	116.30407	109.13058	93.6945
GSM5556169	Heart	111.6744845	high	98.56769	95.8059	101.42013	115.18397	96.65712	154.20578	113.89291	104.08591	102.24778	91.43362	138.74256	127.12739	113.96052	110.41013	110.84686	107.6113	137.80141	111.02242	100.42646	102.03983
GSM5556167	Heart	113.7480695	high	114.83319	116.47511	84.53048	119.1311	95.94258	151.83864	112.19545	128.95479	117.54312	89.52693	128.73399	109.6254	127.58284	109.94095	111.37487	111.63377	124.15257	114.13752	113.38218	93.42591
GSM5556217	Kidney	97.738453	low	88.43427	81.21848	73.10003	108.81415	79.64784	141.93041	95.11769	71.28959	99.3196	82.89497	163.04245	123.60615	99.36439	104.23435	85.80499	109.88081	100.03564	78.98937	89.69424	78.34964
GSM5556218	Kidney	97.8018045	low	87.34462	82.10716	72.07913	107.89154	88.05422	155.79878	87.30825	74.93243	88.39061	72.42	162.48227	142.26224	90.15041	93.98612	92.08638	110.64205	107.25459	74.1388	91.79116	74.91533
GSM5556220	Kidney	100.3118475	low	90.62223	82.84639	70.45322	107.63164	83.60512	151.34307	89.81947	73.84471	98.87006	88.52638	162.85206	133.3737	102.24509	97.06728	94.63072	104.56399	124.97997	76.18508	95.23971	77.53706
GSM5556223	Kidney	102.121741	low	87.5151	80.77309	75.04022	111.30488	83.27485	145.22141	87.36157	77.07439	77.36259	78.54889	193.76512	151.64552	101.03082	95.12335	89.58069	118.92679	127.08584	79.84154	92.49486	89.4633
GSM5556222	Kidney	102.8447405	low	93.22367	82.97958	77.47149	107.3229	100.42329	153.99604	88.7325	75.23142	81.37514	76.66939	163.46921	151.69062	100.18169	103.35869	95.87122	106.70306	140.64839	78.44259	95.72841	83.37551
GSM5556221	Kidney	103.2945105	low	94.75312	85.74031	77.54236	101.1315	93.47338	158.00834	92.50464	76.42114	83.15833	74.06309	163.71533	161.74655	105.7953	94.38433	97.568	110.54104	120.54035	88.58247	103.11749	83.10314
GSM5556225	Kidney	103.7454115	low	91.54903	93.06316	72.23649	99.35858	93.164	147.35272	85.84067	79.42043	98.34894	83.20173	169.80333	162.94942	100.77837	101.16492	103.78169	119.79268	110.96152	86.4049	92.78157	82.95408
GSM5556216	Kidney	105.7839695	low	93.16332	89.76245	77.28566	104.03334	86.59888	143.42914	95.9092	90.11127	85.5193	89.55347	163.11367	183.04648	104.75546	97.1764	108.9443	134.95372	113.01925	71.3884	93.90049	90.01519
GSM5556224	Kidney	109.8879195	high	93.61995	81.84328	76.68339	103.85324	84.38344	146.02087	92.52037	73.10787	95.58283	75.09353	165.35841	328.32087	98.82829	101.58797	98.37465	109.22581	115.95501	75.33713	93.3596	88.70188
GSM5556219	Kidney	122.6552085	high	92.80607	77.6612	70.32749	110.09283	90.18621	144.51987	90.9855	71.43366	99.92075	77.04169	171.51171	567.59797	96.25666	100.46294	97.55139	117.7483	118.99473	79.4006	95.05492	83.54968
GSM5556186	Lung	96.7826005	low	78.40972	77.90068	76.40677	105.95939	86.55554	133.50349	92.63939	62.42633	80.46853	98.53016	153.70638	134.34892	91.72402	101.0078	88.49171	104.59593	132.43121	74.26254	88.33312	73.95038
GSM5556189	Lung	99.588659	low	95.68358	87.83887	70.26018	100.84351	100.83502	140.5348	82.56931	75.7037	90.36585	99.03985	150.44398	143.60177	97.62572	107.5718	77.44958	117.39796	111.01022	76.99528	87.13092	78.87128
GSM5556187	Lung	101.6972145	low	93.6151	92.99857	73.89161	102.11268	108.1117	142.31659	79.39384	78.93336	75.69394	70.65394	162.10845	153.08618	93.69341	106.93969	98.33426	113.54052	124.35109	88.66072	85.13381	90.37483
GSM5556136	Lung	102.729937	low	87.76116	97.3679	89.67668	110.4876	89.96706	126.5917	85.50273	120.79445	102.00768	109.14803	127.49506	113.8838	98.83654	103.93038	81.65069	116.98269	126.21823	94.84953	90.97833	80.4685
GSM5556178	Lung	103.20729	low	93.29838	82.89283	76.97818	115.84057	95.0497	144.06756	74.5342	65.88883	86.67067	67.11263	171.65379	164.44728	98.51801	101.89832	105.01648	117.46296	139.96436	81.74576	94.69876	86.40653
GSM5556185	Lung	103.4666045	low	90.99222	81.50838	80.68485	105.67367	93.70584	149.60167	97.09758	69.71786	90.05941	84.07145	169.41312	142.37919	106.37733	106.33719	93.22475	115.6809	134.84463	78.59207	91.83911	87.53087
GSM5556228	Lung	103.5808415	low	94.17244	96.72965	76.01548	110.86716	94.62707	145.91768	84.80283	71.63721	101.1217	79.15487	153.86415	148.63091	96.48407	97.64425	100.07249	118.8543	132.24778	79.49616	97.46447	91.81216
GSM5556137	Lung	103.592311	low	105.9107	99.89176	82.42213	110.68771	94.90276	141.59815	105.68184	127.56076	110.06617	95.13971	115.49107	115.4296	96.058	112.76247	87.61171	124.21633	91.64744	77.52921	90.21134	87.02736
GSM5556226	Lung	103.7738365	low	98.44123	82.66912	83.90549	96.42809	93.60422	151.48405	81.46443	73.24792	76.19698	84.14729	184.34415	146.38011	106.4928	98.33913	100.38333	131.4825	112.52668	83.89093	91.13644	98.91184
GSM5556179	Lung	103.8593555	low	95.31956	93.83692	79.05879	98.22429	102.73162	146.08126	72.34464	82.30825	95.8634	88.06753	167.27278	147.33153	97.50845	102.36929	80.10551	127.70988	142.64721	74.75478	96.29602	87.3554
GSM5556232	Lung	103.9598555	low	88.05423	88.61104	83.57674	97.03774	107.53756	139.07753	87.75122	95.72943	82.88803	88.93603	171.37492	131.78758	119.86262	111.6926	91.34866	126.2346	109.84676	81.94107	91.35384	84.55491
GSM5556181	Lung	104.0999385	low	85.467	89.69513	76.90755	114.57185	98.43739	145.2706	80.98846	67.11747	93.1642	82.87574	170.94468	170.00168	96.26092	110.23987	96.01283	121.08081	127.38094	80.29774	85.01936	90.26455
GSM5556135	Lung	104.1867115	low	84.30599	93.35451	69.41795	104.95831	92.25597	145.11195	101.45382	112.74709	110.01487	99.07052	126.67475	115.01354	98.17809	99.45581	90.11312	117.12607	142.69211	94.51168	100.14767	87.13041
GSM5556230	Lung	104.188941	low	95.97957	95.69995	75.52589	97.30144	108.04494	118.47728	86.09018	78.78751	93.13525	89.35989	180.92377	152.31807	92.27375	108.00091	93.66686	112.09277	144.46379	87.81038	85.9213	87.90532
GSM5556234	Lung	104.1991845	low	94.48648	86.2771	80.46863	98.32368	100.61373	151.20026	84.33007	74.85286	83.21962	81.49746	180.0692	151.91282	112.25203	100.2673	99.05083	119.03706	102.65579	89.76358	100.88004	92.82515
GSM5556133	Lung	104.4763365	low	101.36922	103.10173	82.54448	102.59507	98.46474	141.18264	93.2758	118.08617	105.61285	93.03077	131.50247	120.6025	105.16243	102.39497	92.3734	115.3844	117.28968	89.6691	96.98121	78.9031
GSM5556231	Lung	104.506862	low	102.75762	87.9017	78.3472	93.19316	92.68192	141.50868	87.18701	69.36681	85.80078	94.26809	192.14325	150.10788	95.03313	104.9001	83.10109	127.97797	126.87584	79.38277	106.97632	90.62592
GSM5556188	Lung	104.7341155	low	102.68035	97.33528	69.45741	109.96385	98.5264	136.92315	79.64641	69.43076	84.51715	83.39512	160.21851	167.06879	107.52337	103.52229	103.83977	127.63166	131.05367	87.28907	91.75821	82.90109
GSM5556139	Lung	105.4355955	low	92.54466	91.02503	96.51687	106.35016	96.45488	145.97731	105.18561	96.66208	100.66431	102.19778	121.63259	99.73922	95.41767	115.95841	86.11181	111.45706	162.43323	103.59991	96.72155	82.06177
GSM5556184	Lung	105.509526	low	99.1569	84.67486	75.63599	115.0764	102.3024	155.9497	82.80395	84.01161	87.25779	75.02881	185.43199	144.15089	102.77945	110.06069	87.94408	109.76778	121.64121	89.32561	104.48792	92.70249
GSM5556227	Lung	105.5134455	low	101.69743	79.10595	76.88566	105.84599	94.72447	158.30947	81.83475	81.83535	81.16785	79.9106	176.63963	161.98261	103.78661	97.53654	107.90148	127.33158	116.90098	84.93127	95.50066	96.44003
GSM5556233	Lung	105.569447	low	92.42955	92.34905	79.34976	99.32242	98.52347	140.30486	92.36765	87.15725	73.1552	91.96154	183.63421	149.08784	102.45866	102.34546	102.78365	121.93139	131.04164	82.4074	100.56436	88.21358
GSM5556180	Lung	105.603067	low	99.15358	94.46696	77.61991	109.41049	100.349	143.72971	82.46885	79.90288	90.45534	76.63728	168.40975	164.7209	116.46149	101.27928	100.45014	130.00393	116.00233	85.43045	85.14224	89.96683
GSM5556229	Lung	105.676399	low	93.78683	80.58226	89.03718	110.40831	96.30621	149.68498	96.09044	74.73602	97.67558	89.78429	177.52132	148.57205	84.86235	112.53457	103.95442	114.84606	111.30511	89.09263	101.93362	90.81375
GSM5556236	Lung	105.6813435	low	95.02385	105.95978	71.91494	111.54938	98.13875	143.49011	92.64029	75.99887	74.14363	87.00407	174.23554	150.54496	112.93821	102.09498	119.67123	118.5074	131.30018	74.01288	89.73501	84.72281
GSM5556132	Lung	105.7104275	low	100.35222	109.63943	80.83397	109.07212	86.02477	130.85386	107.61416	118.96917	111.95451	99.09028	128.02901	122.93165	106.12747	109.46584	100.86787	104.15946	112.88807	92.33431	92.71886	90.28152
GSM5556183	Lung	106.06882	low	97.11582	78.17173	78.49884	110.46321	97.58807	170.81192	64.96895	68.93097	74.65264	59.87045	200.99194	186.47245	103.96339	98.03904	97.25569	133.73668	129.98593	77.45104	94.60153	97.80611
GSM5556138	Lung	106.154224	low	93.40335	101.47568	68.15637	108.32476	97.50899	144.30708	100.26403	135.93032	109.03766	99.17139	119.90721	115.99463	103.31436	110.0105	84.79703	134.58769	106.67109	108.78273	95.32143	86.11818
GSM5556235	Lung	106.184555	low	107.28112	84.79172	76.17299	97.61033	96.47019	160.10107	90.07796	85.58112	93.12672	90.95287	165.84219	134.34495	121.94951	92.39871	104.99627	118.98572	111.78612	100.43105	106.6758	84.11469
GSM5556237	Lung	106.313594	low	107.88482	85.33069	75.60635	97.52696	87.83185	148.96942	87.59075	72.88817	88.39826	86.37901	208.35381	157.49836	112.96749	92.16162	104.04833	128.19808	128.5659	82.58048	91.09716	82.39437
GSM5556134	Lung	106.53304	high	84.16451	87.22887	83.1874	110.75014	94.93257	131.14888	88.49821	132.52292	95.85632	121.94645	138.19831	117.62602	96.7942	92.789	94.56128	135.03104	153.70886	88.09814	95.49628	88.1214
GSM5556141	Lung	106.9243115	high	97.07408	99.06743	80.70257	116.65599	93.05992	132.13782	106.72428	137.66081	94.97603	115.93224	122.26806	112.67553	111.75897	107.24552	90.55185	120.22913	153.94525	77.77143	84.14983	83.89949
GSM5556130	Lung	107.1934915	high	106.42152	92.5107	78.13894	124.67344	92.48825	144.20781	115.08313	117.43027	111.30521	98.18422	131.77703	118.63642	96.97316	102.42048	109.46534	120.12621	109.82976	96.53284	91.98624	85.67886
GSM5556131	Lung	107.929117	high	91.67835	89.94351	79.27412	116.14804	100.28512	127.41811	103.95307	138.51054	100.34037	136.47508	116.42572	104.32915	91.16667	91.69732	80.15249	132.63578	151.5613	126.93552	89.6498	90.00228
GSM5556140	Lung	108.0139865	high	88.33567	89.31105	93.42129	107.44694	104.6893	148.5365	97.42388	98.26727	98.30671	120.4487	135.27309	118.48368	102.18815	108.08262	89.10358	130.80823	157.69064	97.88552	91.08254	83.49437
GSM5556182	Lung	124.2201	high	124.2201	124.2201	124.2201	124.2201	124.2201	124.2201	124.2201	124.2201	124.2201	124.2201	124.2201	124.2201	124.2201	124.2201	124.2201	124.2201	124.2201	124.2201	124.2201	124.2201
GSM5556194	Lymph node	98.0805155	low	71.1456	77.40077	81.85516	109.00253	89.76918	137.15928	74.81558	55.64043	93.29608	126.91048	142.05455	119.75551	74.36779	102.36866	88.11839	140.794	124.88353	71.48108	96.62425	84.16746
GSM5556199	Lymph node	100.254876	low	74.85569	85.96634	78.48709	115.38647	91.44503	139.71387	76.89928	59.28675	97.37413	147.85684	142.87385	128.66283	80.6357	107.31368	82.01575	126.05776	129.40128	69.36146	91.58105	79.92267
GSM5556193	Lymph node	100.7101245	low	77.46557	87.28554	80.58177	116.27229	96.01865	137.34221	75.98118	61.46518	92.0588	127.2452	154.3192	124.24495	80.52377	109.68997	84.87822	133.96857	116.37985	74.49149	102.36009	81.62999
GSM5556196	Lymph node	101.6761935	low	78.29711	82.40587	73.64691	121.06885	92.09247	132.67796	78.53508	59.94425	102.51549	144.50168	145.04769	136.60972	82.04113	111.72227	87.4681	126.53045	122.17165	72.46506	101.43855	82.34358
GSM5556195	Lymph node	101.829583	low	86.06608	76.72913	74.21677	110.58938	87.30416	145.54541	90.61724	76.95466	116.17116	120.86024	148.73025	122.63575	85.71103	111.40282	94.86288	112.52979	120.38088	77.19276	99.16361	78.92766
GSM5556192	Lymph node	102.006063	low	75.52827	79.4738	81.9188	115.88719	91.5702	145.41155	75.84281	55.3749	99.74602	155.6813	147.78855	131.06366	79.95723	110.13098	89.73354	128.99786	132.53621	69.17808	94.35	79.95031
GSM5556198	Lymph node	102.4788495	low	77.80974	80.40624	75.883	111.28371	95.76469	140.72256	75.16281	56.30273	99.77578	141.95914	142.37331	164.26222	78.58277	111.40028	89.52919	129.01646	125.06539	75.90457	98.26436	80.10804
GSM5556191	Lymph node	102.7420485	low	71.81956	80.84068	82.32162	119.79825	93.25409	151.57558	75.4009	55.6483	98.30783	162.04167	151.95835	130.58544	79.42016	109.69848	87.45538	124.32861	136.51146	71.09732	92.21409	80.5632
GSM5556200	Lymph node	103.150985	low	89.75077	102.79771	72.78451	112.19729	101.83563	140.55182	97.5079	76.07062	97.94982	84.06295	150.03661	133.08256	101.52319	128.93788	89.49137	111.53626	115.81239	78.60637	101.52074	76.96331
GSM5556201	Lymph node	104.9231965	low	99.90409	101.97569	81.54038	107.44239	85.14612	113.90292	99.15787	88.65802	95.17335	91.34367	149.53923	116.86131	104.26431	126.36812	103.94738	118.55743	159.04884	82.33767	89.66967	83.62547
GSM5556197	Lymph node	105.911084	low	80.17405	82.79434	79.6952	116.17746	91.3554	146.10921	80.22772	60.92044	100.75332	142.44718	157.71756	189.11488	89.14604	109.69229	88.83719	122.33894	126.39032	74.50584	97.08102	82.74328
GSM5556190	Lymph node	105.934123	low	82.94597	81.69486	83.23078	115.16861	92.9198	143.55314	77.65344	60.09153	99.64213	143.99087	156.05969	151.74589	89.75988	111.67126	94.16587	124.46645	147.87496	79.46285	96.46366	86.12082
GSM5556156	Lymph node	107.122295	high	84.62822	110.69384	87.88637	127.80262	77.34429	120.03061	97.84059	143.11808	111.19505	136.66775	80.70977	90.89383	119.5812	106.72943	100.84439	142.21946	117.44269	100.01453	97.62515	89.17803
GSM5556162	Lymph node	107.4688135	high	79.621	90.25467	123.58529	146.17294	91.906	144.24096	113.88547	105.45805	139.69361	130.30724	71.59418	83.83025	84.23174	128.80733	86.92347	132.87075	129.01631	97.005	80.79074	89.18127
GSM5556155	Lymph node	107.503429	high	96.72739	116.47055	82.59244	130.77596	97.26538	121.52015	110.21201	162.09844	115.97303	129.22128	86.94239	97.39007	91.87332	101.73713	95.73547	138.24898	111.22429	86.95212	89.54988	87.5583
GSM5556161	Lymph node	110.2786105	high	91.64944	103.44781	103.07883	147.62522	112.22913	111.10619	128.0488	97.17638	141.65329	122.07929	71.92422	86.94375	85.16032	110.51949	87.7851	164.87293	164.99295	96.7456	84.86343	93.67004
GSM5556160	Lymph node	111.8322085	high	71.78828	98.49792	151.22805	145.76539	91.73355	160.46803	126.52453	95.18808	139.74196	142.96126	60.53285	69.02478	61.91043	108.91532	80.18877	151.34219	200.32893	126.92792	70.77443	82.8015
GSM5556151	Lymph node	113.0434415	high	85.1354	104.06988	140.75211	130.58433	103.03508	133.8796	122.63547	90.93267	134.99087	129.50383	79.10822	86.54765	85.34162	117.82223	98.45999	155.67016	175.96571	107.973	87.65271	90.8083
GSM5556147	Lymph node	116.6332875	high	91.16546	93.00778	167.88718	131.57863	107.62532	141.31664	125.03058	93.54307	119.03381	134.63583	85.50846	86.22101	88.19776	111.18665	100.68832	139.07236	213.25642	110.68594	84.81483	108.2097
GSM5556143	Lymph node	117.000632	high	74.80791	96.35756	180.81525	139.27865	100.45224	128.76851	120.20016	90.58769	121.16143	116.31986	80.94472	90.89963	89.45936	105.61317	95.25305	155.91013	235.79172	127.05225	80.22721	110.11214
GSM5556152	Lymph node	117.4808865	high	109.63592	101.95667	141.26792	132.37353	114.54928	128.48923	122.18234	100.4278	110.70337	108.1926	98.08416	111.82595	103.93628	108.60239	104.26678	134.25457	214.22055	112.32742	90.71618	101.60479
GSM5556163	Lymph node	117.794716	high	98.15369	94.94704	152.17039	148.2306	97.70399	154.25071	118.61244	95.62744	107.05809	114.44108	80.48031	93.03563	95.33758	113.30233	101.28703	150.42712	224.91258	128.29479	90.7401	96.88138
GSM5556149	Lymph node	118.5684195	high	93.92397	112.13852	181.08403	135.77166	101.43107	142.38007	120.76509	80.43024	115.24144	128.93708	85.62438	98.77406	89.57486	114.90384	95.75767	142.94138	218.42403	126.34181	80.51986	106.40333
GSM5556164	Lymph node	119.3416095	high	90.0712	95.59449	184.55514	149.68079	91.95263	148.16817	127.639	92.31839	112.49481	135.94277	88.18548	85.68543	86.68052	113.21002	98.55002	132.68346	221.39646	138.52464	83.35054	110.14823
GSM5556157	Lymph node	119.863373	high	98.01355	103.2385	151.4989	138.15257	114.28166	146.97683	118.7612	103.48498	126.30632	113.24009	94.19728	110.06388	102.59595	100.66035	112.21808	138.76333	216.4046	111.98045	90.63557	105.79337
GSM5556146	Lymph node	119.865404	high	96.44897	104.65765	145.32988	130.34354	126.68996	144.98046	123.43167	103.47303	137.83164	124.17491	99.44784	95.39525	98.75967	113.81977	102.25585	135.85546	196.4644	120.21999	91.80714	105.921
GSM5556165	Lymph node	122.083257	high	109.01549	115.10765	174.2017	135.85901	98.59406	140.14919	123.7512	99.82348	119.73926	117.51284	86.28324	109.41427	105.25926	111.23012	86.68034	133.16929	252.77146	131.58659	81.16837	110.34832
GSM5556142	Lymph node	122.162945	high	83.28135	100.36241	180.14049	142.77921	107.66611	142.16294	118.75936	90.31541	124.73904	147.83989	85.06383	83.68368	86.16305	109.48182	99.54049	146.8869	278.76051	122.95334	87.93241	104.74666
GSM5556154	Lymph node	122.424972	high	101.09568	110.5579	165.31761	136.63203	102.70626	148.1152	121.53859	102.09188	124.01006	130.72587	91.82638	106.62434	111.48362	110.87538	94.30966	137.92908	232.09375	136.18528	83.34461	101.03626
GSM5556148	Lymph node	123.883575	high	96.88543	105.69241	186.53256	136.12436	105.35189	159.42403	124.08896	91.9488	138.23965	136.25265	99.06917	96.2883	91.75939	114.89359	104.47286	142.99023	219.04157	129.10666	93.41614	106.09285
GSM5556153	Lymph node	124.831695	high	90.37433	109.59529	184.47103	140.44462	120.79434	144.52676	132.66406	88.59519	136.22729	144.06015	82.54827	94.18635	89.97646	109.58683	101.54483	147.03179	243.27209	133.56567	87.34844	115.82011
GSM5556145	Lymph node	127.0633865	high	96.22048	106.68881	194.484	134.92472	110.28104	156.89869	123.78853	89.34182	147.78026	148.14289	89.78487	94.94486	91.01569	115.67808	102.41797	145.52681	256.02439	134.75474	85.05805	117.51103
GSM5556158	Lymph node	128.9996275	high	81.64014	109.42245	209.10947	158.20322	108.04364	173.3287	133.70488	96.34282	126.30558	171.27491	69.46583	76.40179	85.58787	121.40779	94.40036	145.35742	279.40531	153.21037	70.67718	116.70282
GSM5556150	Lymph node	129.2314235	high	92.11537	105.4941	214.08194	140.48413	110.78648	144.88574	129.39706	87.30611	135.5389	141.7878	87.04169	93.85094	105.1188	117.86829	102.58061	141.45375	276.10901	139.78637	96.18169	122.75969
GSM5556159	Lymph node	130.491006	high	96.6694	106.30427	216.0291	152.24171	106.99371	180.43229	132.82224	99.66044	139.39207	143.98329	77.78538	101.86117	96.69108	109.5326	97.51544	137.01313	260.23872	162.73091	84.21825	107.70492
GSM5556144	Lymph node	132.4801525	high	94.13387	107.10107	225.63045	145.07503	111.22549	159.29962	132.18829	92.44458	149.13184	169.09116	84.22025	84.94312	89.21755	114.03255	108.52352	135.4282	276.34931	151.17403	93.71032	126.6828
GSM5556210	Pancreas	98.1125665	low	84.28138	89.15471	75.26967	115.00235	93.91953	143.24941	92.54678	68.54228	97.16825	94.19998	152.97041	120.35084	98.45938	112.61283	74.5269	122.79705	98.16592	70.75289	79.75104	78.52973
GSM5556213	Pancreas	104.831099	low	93.62995	80.7372	75.61188	114.6119	100.54844	139.26713	133.84263	65.38405	110.91052	101.7273	159.26023	123.78548	99.48888	112.65236	87.06337	114.69981	126.7696	76.26694	93.92384	86.44047
GSM5556211	Pancreas	105.442466	low	87.30608	90.12656	74.20449	115.70345	97.26005	144.64796	106.66233	78.97615	102.25196	89.69734	157.64344	124.86275	110.24923	117.23627	94.58236	124.64992	122.81419	80.32165	104.99281	84.66033
GSM5556206	Pancreas	105.8684385	low	90.2698	87.39151	68.80474	122.99758	107.26528	140.83908	99.86391	78.35641	116.13301	107.76621	152.44849	118.99173	102.6003	125.55224	92.6316	119.4022	138.07117	81.25271	90.99116	75.73964
GSM5556212	Pancreas	108.29234	high	109.09397	101.88272	82.91579	117.0341	99.43187	127.11362	114.20721	98.07887	105.01394	99.50077	139.77801	127.55326	104.88805	111.18367	108.55763	119.73299	115.18879	88.76067	107.17449	88.75638
GSM5556203	Spleen	100.412088	low	105.87121	99.22903	110.73261	110.08878	94.84217	128.3275	65.04377	66.65276	101.02669	96.0743	132.25764	155.51331	77.31468	105.46085	84.63747	93.15751	128.3275	97.70225	82.22512	73.75661
GSM5556207	Spleen	104.485734	low	119.51785	98.83606	84.18351	100.07175	103.4148	128.3292	77.90268	94.05281	103.37647	63.40193	139.23057	149.13136	104.7583	89.59011	98.901	106.92834	169.85108	98.53872	68.08993	91.60821
GSM5556120	Spleen	105.670736	low	91.73596	92.2648	89.19235	114.95222	100.90431	142.13598	83.43794	85.99811	95.62304	91.70782	146.09704	127.09631	96.79715	110.43054	95.08736	122.84712	145.57559	94.2777	93.60855	93.64483
GSM5556121	Spleen	106.7110215	high	99.88192	93.7828	92.04606	110.96134	96.70939	149.4755	97.25292	86.63205	104.91583	99.69306	149.3066	129.76963	94.97049	99.64491	108.841	105.61954	134.09355	95.66735	90.65314	94.30335
GSM5556129	Spleen	107.2769955	high	99.49523	95.01838	86.47224	112.03168	95.22963	148.20861	101.58323	95.05238	103.47992	92.25109	154.87634	137.31918	95.16425	106.15652	97.95494	115.48866	130.30257	96.19886	92.56954	90.68666
GSM5556128	Spleen	107.338609	high	102.30352	92.74137	92.69574	106.59625	94.09819	142.94392	97.91273	91.28789	104.46146	95.25209	150.85557	125.30269	109.91917	105.78596	104.31899	111.74887	136.34825	97.10396	94.86674	90.22882
GSM5556125	Spleen	107.6541185	high	108.09287	99.01189	92.10728	102.34001	102.69783	146.73982	94.57144	91.84398	103.42463	96.4245	157.31408	137.83731	102.72319	105.56384	101.37317	113.09546	119.54925	96.52064	87.41814	94.43304
GSM5556209	Spleen	107.866684	high	95.95241	100.9204	74.88774	126.1192	81.69928	123.36264	88.80729	90.82353	102.30497	96.29451	170.33726	142.66609	100.85465	105.43469	106.93186	133.1851	152.31449	90.00386	89.19615	85.23756
GSM5556126	Spleen	107.885339	high	84.67705	80.91716	97.6355	116.07446	101.9065	153.69421	81.69476	76.40497	84.30212	74.29943	206.62457	165.45246	97.33671	92.73219	97.9654	128.18209	150.69567	82.62018	92.58743	91.90392
GSM5556124	Spleen	108.080338	high	92.65013	80.80231	99.24481	110.03527	103.93445	159.64776	86.4794	69.15568	91.33004	80.3298	187.82132	153.54608	95.56086	96.68471	107.55032	127.55363	146.43812	90.30289	94.39026	88.14892
GSM5556127	Spleen	108.1028605	high	91.35033	80.7275	98.77376	108.85789	104.44654	160.3248	80.10798	70.4918	88.24385	77.06353	186.80424	167.26546	97.27523	99.86139	98.94972	137.30594	143.02226	82.45992	91.894	96.83107
GSM5556204	Spleen	108.6316755	high	109.07245	100.09822	65.03738	119.38393	92.11138	144.16139	101.78114	84.50927	91.65073	73.75661	176.97992	161.84008	107.69251	97.96276	91.72724	123.57043	141.77484	101.86875	83.76936	103.88512
GSM5556202	Spleen	108.809413	high	78.35189	84.31549	80.7744	109.6498	103.03937	144.22069	84.91972	83.08946	104.05976	75.48884	154.5538	173.39318	96.06777	105.82824	97.52955	133.58389	200.43935	87.36002	76.12106	103.40198
GSM5556123	Spleen	109.3461945	high	96.13526	96.04672	101.1909	116.31991	106.09167	146.65668	82.20348	84.97583	82.79949	83.40109	175.64174	148.91535	99.06549	97.91146	94.4919	131.82565	159.18073	100.77446	91.52438	91.7717
GSM5556208	Spleen	109.9354055	high	110.39528	100.4612	81.57079	104.01934	89.64262	134.40584	85.46954	106.20698	92.64467	89.90468	168.71891	142.54035	105.69293	96.97049	101.76763	129.054	166.29876	90.38719	106.94611	95.6108
GSM5556205	Spleen	110.408663	high	86.49105	101.23703	105.75838	142.18015	83.71852	104.86679	85.08314	86.9487	104.02196	90.6914	164.8637	198.28856	117.69894	114.95875	100.65929	143.08347	133.17044	87.48546	77.52869	79.43884
GSM5556122	Spleen	111.312394	high	110.93829	101.7152	97.64115	108.49805	98.94953	145.45403	98.61894	96.23117	111.92767	97.4019	161.4293	141.51316	111.44799	112.0863	106.25773	110.43523	121.93817	106.12782	90.45114	97.18511
GSM5556118	Spleen	111.457003	high	104.74287	107.23769	94.98338	108.57978	96.78223	154.17846	102.82364	92.69876	110.63514	95.26496	161.45164	132.11672	108.2321	106.65559	103.74101	120.72688	135.4929	97.46098	105.58995	89.74538
GSM5556119	Spleen	111.4955505	high	98.21426	95.26561	100.29276	113.78586	100.41347	150.62197	94.14412	85.94057	93.00249	90.89556	167.21528	152.82627	99.88484	109.3281	97.1382	126.0957	158.70082	100.99837	98.97182	96.17494
